# Array shape: (28, 28)
it	pt	es	ca	fr	en	nl	de	sv	da	no	fi	et	ru	uk	mk	bg	ro	pl	cs	sk	sl	hr	hu	el	he	tr	id	
it	1.000	0.647	0.637	0.609	0.610	0.614	0.558	0.572	0.554	0.527	0.521	0.500	0.493	0.547	0.524	0.499	0.515	0.540	0.522	0.529	0.507	0.499	0.534	0.526	0.514	0.495	0.527	0.507	
pt	0.647	1.000	0.675	0.607	0.603	0.629	0.581	0.563	0.563	0.527	0.546	0.509	0.494	0.553	0.534	0.512	0.538	0.532	0.530	0.530	0.496	0.491	0.532	0.540	0.520	0.506	0.526	0.518	
es	0.637	0.675	1.000	0.653	0.624	0.636	0.550	0.540	0.543	0.513	0.538	0.515	0.502	0.571	0.553	0.521	0.548	0.539	0.564	0.550	0.499	0.501	0.534	0.541	0.524	0.512	0.523	0.508	
ca	0.609	0.607	0.653	1.000	0.600	0.601	0.553	0.513	0.521	0.528	0.523	0.507	0.505	0.537	0.529	0.514	0.524	0.539	0.507	0.514	0.495	0.495	0.523	0.519	0.519	0.504	0.499	0.485	
fr	0.610	0.603	0.624	0.600	1.000	0.631	0.576	0.569	0.555	0.516	0.535	0.512	0.503	0.544	0.514	0.492	0.522	0.549	0.550	0.533	0.504	0.482	0.532	0.549	0.524	0.498	0.498	0.489	
en	0.614	0.629	0.636	0.601	0.631	1.000	0.605	0.610	0.574	0.553	0.582	0.551	0.522	0.594	0.570	0.532	0.563	0.554	0.556	0.566	0.504	0.526	0.538	0.567	0.542	0.556	0.545	0.530	
nl	0.558	0.581	0.550	0.553	0.576	0.605	1.000	0.618	0.575	0.567	0.572	0.494	0.504	0.530	0.517	0.500	0.525	0.537	0.526	0.531	0.497	0.492	0.517	0.532	0.480	0.486	0.495	0.501	
de	0.572	0.563	0.540	0.513	0.569	0.610	0.618	1.000	0.552	0.540	0.581	0.485	0.484	0.543	0.512	0.483	0.505	0.511	0.532	0.529	0.469	0.468	0.491	0.515	0.489	0.482	0.478	0.488	
sv	0.554	0.563	0.543	0.521	0.555	0.574	0.575	0.552	1.000	0.552	0.579	0.486	0.467	0.509	0.477	0.448	0.482	0.495	0.507	0.507	0.497	0.454	0.518	0.506	0.460	0.440	0.483	0.489	
da	0.527	0.527	0.513	0.528	0.516	0.553	0.567	0.540	0.552	1.000	0.611	0.496	0.511	0.483	0.477	0.481	0.506	0.487	0.505	0.499	0.484	0.468	0.510	0.498	0.475	0.465	0.471	0.496	
no	0.521	0.546	0.538	0.523	0.535	0.582	0.572	0.581	0.579	0.611	1.000	0.491	0.488	0.523	0.494	0.478	0.503	0.495	0.504	0.505	0.476	0.455	0.489	0.512	0.463	0.471	0.487	0.506	
fi	0.500	0.509	0.515	0.507	0.512	0.551	0.494	0.485	0.486	0.496	0.491	1.000	0.513	0.503	0.489	0.478	0.477	0.475	0.510	0.496	0.484	0.477	0.483	0.514	0.494	0.474	0.471	0.442	
et	0.493	0.494	0.502	0.505	0.503	0.522	0.504	0.484	0.467	0.511	0.488	0.513	1.000	0.499	0.505	0.515	0.505	0.489	0.504	0.495	0.497	0.484	0.512	0.508	0.493	0.465	0.472	0.437	
ru	0.547	0.553	0.571	0.537	0.544	0.594	0.530	0.543	0.509	0.483	0.523	0.503	0.499	1.000	0.618	0.521	0.536	0.515	0.568	0.550	0.492	0.491	0.520	0.530	0.501	0.512	0.494	0.466	
uk	0.524	0.534	0.553	0.529	0.514	0.570	0.517	0.512	0.477	0.477	0.494	0.489	0.505	0.618	1.000	0.492	0.516	0.503	0.536	0.534	0.475	0.481	0.521	0.511	0.491	0.502	0.477	0.450	
mk	0.499	0.512	0.521	0.514	0.492	0.532	0.500	0.483	0.448	0.481	0.478	0.478	0.515	0.521	0.492	1.000	0.559	0.526	0.483	0.482	0.472	0.515	0.502	0.485	0.515	0.485	0.461	0.456	
bg	0.515	0.538	0.548	0.524	0.522	0.563	0.525	0.505	0.482	0.506	0.503	0.477	0.505	0.536	0.516	0.559	1.000	0.542	0.518	0.503	0.469	0.480	0.513	0.504	0.532	0.492	0.480	0.474	
ro	0.540	0.532	0.539	0.539	0.549	0.554	0.537	0.511	0.495	0.487	0.495	0.475	0.489	0.515	0.503	0.526	0.542	1.000	0.498	0.505	0.486	0.483	0.515	0.489	0.496	0.462	0.491	0.495	
pl	0.522	0.530	0.564	0.507	0.550	0.556	0.526	0.532	0.507	0.505	0.504	0.510	0.504	0.568	0.536	0.483	0.518	0.498	1.000	0.543	0.518	0.474	0.513	0.508	0.492	0.474	0.510	0.448	
cs	0.529	0.530	0.550	0.514	0.533	0.566	0.531	0.529	0.507	0.499	0.505	0.496	0.495	0.550	0.534	0.482	0.503	0.505	0.543	1.000	0.533	0.483	0.520	0.515	0.489	0.458	0.487	0.463	
sk	0.507	0.496	0.499	0.495	0.504	0.504	0.497	0.469	0.497	0.484	0.476	0.484	0.497	0.492	0.475	0.472	0.469	0.486	0.518	0.533	1.000	0.459	0.495	0.477	0.471	0.429	0.474	0.449	
sl	0.499	0.491	0.501	0.495	0.482	0.526	0.492	0.468	0.454	0.468	0.455	0.477	0.484	0.491	0.481	0.515	0.480	0.483	0.474	0.483	0.459	1.000	0.482	0.478	0.489	0.454	0.458	0.445	
hr	0.534	0.532	0.534	0.523	0.532	0.538	0.517	0.491	0.518	0.510	0.489	0.483	0.512	0.520	0.521	0.502	0.513	0.515	0.513	0.520	0.495	0.482	1.000	0.494	0.488	0.489	0.466	0.458	
hu	0.526	0.540	0.541	0.519	0.549	0.567	0.532	0.515	0.506	0.498	0.512	0.514	0.508	0.530	0.511	0.485	0.504	0.489	0.508	0.515	0.477	0.478	0.494	1.000	0.485	0.502	0.506	0.464	
el	0.514	0.520	0.524	0.519	0.524	0.542	0.480	0.489	0.460	0.475	0.463	0.494	0.493	0.501	0.491	0.515	0.532	0.496	0.492	0.489	0.471	0.489	0.488	0.485	1.000	0.464	0.467	0.448	
he	0.495	0.506	0.512	0.504	0.498	0.556	0.486	0.482	0.440	0.465	0.471	0.474	0.465	0.512	0.502	0.485	0.492	0.462	0.474	0.458	0.429	0.454	0.489	0.502	0.464	1.000	0.462	0.447	
tr	0.527	0.526	0.523	0.499	0.498	0.545	0.495	0.478	0.483	0.471	0.487	0.471	0.472	0.494	0.477	0.461	0.480	0.491	0.510	0.487	0.474	0.458	0.466	0.506	0.467	0.462	1.000	0.475	
id	0.507	0.518	0.508	0.485	0.489	0.530	0.501	0.488	0.489	0.496	0.506	0.442	0.437	0.466	0.450	0.456	0.474	0.495	0.448	0.463	0.449	0.445	0.458	0.464	0.448	0.447	0.475	1.000	
